1320755868137259008
1320673324498776068
1320669449595174912
1320761606700109824
1320767496660549632
1320769881881546752
1320773907758993409
1320774603841548289
1320774843864764416
1320774835060961283
1320778227577569280
1320778188939640832
1320778161865408512
1320782989228343296
1320783923643781125
1320788586153738241
1320788803322146817
1320930394867314689
1321077587599192071
1321072291803848705
1321047700796665856
1321328112492142592
1321330594685411328
1321331272308813824
1321340300548141057
1321331950561366023
1321343361643466754
1321349665275531264
1321349626612436992
1321350461190885376
1321350415250698240
1321353116868993031
1321357251836174338
1321359182084202498
1321360755497684992
1321361069403639808
1321361428591251458
1321391818387279873
1321466614114496512
1321709856819044352
1321709984770453506
1321710285556641794
1321710687240945665
1321710933752782848
1321711392722882560
1321711749414883329
1321720979094036480
1321721523971846144
1321722288069206016
1321722613937307648
1321722578457686016
1321722542604759041
1322061097906548737
1322670109119279106
1322128844334133248
